50,0,0,0,0.4834922
50,0,0,1,0.25459003
50,0,0,2,0.18767965
50,0,0,3,0.54391575
50,0,0,4,0.93087524
50,0,0,5,0.47083777
50,0,0,6,0.4162529
50,0,0,7,0.53946656
50,0,0,8,0.08387065
50,0,0,9,0.42191094
50,0,0,10,0.33132696
50,0,0,11,0.7400643
50,0,0,12,0.87885815
50,0,0,13,9.923577E-4
50,0,0,14,0.44986552
50,0,0,15,0.87233895
50,0,0,16,0.070358336
50,0,0,17,0.08569002
50,0,0,18,0.8430314
50,0,0,19,0.9611735
50,0,0,20,0.7863663
50,0,0,21,0.4387461
50,0,0,22,0.9620682
50,0,0,23,0.24174821
50,0,0,24,0.56427234
50,0,0,25,0.37565678
50,0,0,26,0.2833473
50,0,0,27,0.14692283
50,0,0,28,0.16098142
50,0,0,29,0.66883874
50,0,0,30,0.34988087
50,0,0,31,0.87718815
50,0,0,32,0.9122841
50,0,0,33,0.20973557
50,0,0,34,0.72117245
50,0,0,35,0.69030356
50,0,0,36,0.05423051
50,0,0,37,0.40826315
50,0,0,38,0.9340972
50,0,0,39,0.5838687
50,0,0,40,0.21320325
50,0,0,41,0.17325437
50,0,0,42,0.8245727
50,0,0,43,0.48645902
50,0,0,44,0.22157848
50,0,0,45,0.58806807
50,0,0,46,0.4631039
50,0,0,47,0.42159176
50,0,0,48,0.5223132
50,0,0,49,0.072286606
50,0,0,50,0.5168538
50,0,0,51,0.36366606
50,0,0,52,0.6884887
50,0,0,53,0.90343463
50,0,0,54,0.06671286
50,0,0,55,0.66615903
50,0,0,56,0.002788484
50,0,0,57,0.46190745
50,0,0,58,0.77991104
50,0,0,59,0.00973922
50,0,0,60,0.617081
50,0,0,61,0.4578079
50,0,0,62,0.86703557
50,0,0,63,0.7915924
50,0,0,64,0.5437265
50,0,0,65,0.7001461
50,0,0,66,0.43688768
50,0,0,67,0.75713843
50,0,0,68,0.6179192
50,0,0,69,0.6768651
50,0,0,70,0.7034337
50,0,0,71,0.4614491
50,0,0,72,0.61432385
50,0,0,73,0.32841498
50,0,0,74,0.9961738
50,0,0,75,0.84006137
50,0,0,76,0.9014595
50,0,0,77,0.9181013
50,0,0,78,0.67857426
50,0,0,79,0.76751184
50,0,0,80,0.3737293
50,0,0,81,0.8291976
50,0,0,82,0.88877696
50,0,0,83,0.986802
50,0,0,84,0.9136906
50,0,0,85,0.45181394
50,0,0,86,0.48262304
50,0,0,87,0.20413607
50,0,0,88,0.30610406
50,0,0,89,0.061775208
50,0,1,0,0.6568816
50,0,1,1,0.38143456
50,0,1,2,0.13820547
50,0,1,3,0.80011374
50,0,1,4,0.6729377
50,0,1,5,0.5325553
50,0,1,6,0.50028723
50,0,1,7,0.40336812
50,0,1,8,0.75346076
50,0,1,9,0.46399182
50,0,1,10,0.9249867
50,0,1,11,0.55584705
50,0,1,12,0.4954812
50,0,1,13,0.54056466
50,0,1,14,0.17198211
50,0,1,15,0.62113523
50,0,1,16,0.77401966
50,0,1,17,0.9772949
50,0,1,18,0.40063113
50,0,1,19,0.70820886
50,0,1,20,0.8917766
50,0,1,21,0.44933057
50,0,1,22,0.8109368
50,0,1,23,0.53260607
50,0,1,24,0.7855399
50,0,1,25,0.855003
50,0,1,26,0.37737894
50,0,1,27,0.7653379
50,0,1,28,0.061068594
50,0,1,29,0.96983814
50,0,1,30,0.97520286
50,0,1,31,0.27972615
50,0,1,32,0.004189968
50,0,1,33,0.7068836
50,0,1,34,0.34035778
50,0,1,35,0.07451993
50,0,1,36,0.8730709
50,0,1,37,0.7075043
50,0,1,38,0.727129
50,0,1,39,0.55105466
50,0,1,40,0.7151027
50,0,1,41,0.026836753
50,0,1,42,0.8316095
50,0,1,43,0.25288332
50,0,1,44,0.6715643
50,0,1,45,0.74938244
50,0,1,46,0.5345086
50,0,1,47,0.13822281
50,0,1,48,0.23420656
50,0,1,49,0.47275752
50,0,1,50,0.2833963
50,0,1,51,0.94872195
50,0,1,52,0.20012492
50,0,1,53,0.7314092
50,0,1,54,0.48233402
50,0,1,55,0.26247305
50,0,1,56,0.13476622
50,0,1,57,0.5971428
50,0,1,58,0.08594322
50,0,1,59,0.37485176
50,0,1,60,0.9976409
50,0,1,61,0.8895984
50,0,1,62,0.70531595
50,0,1,63,0.23768461
50,0,1,64,0.21128875
50,0,1,65,0.6573495
50,0,1,66,0.9247726
50,0,1,67,0.30540752
50,0,1,68,0.86127263
50,0,1,69,0.84908956
50,0,1,70,0.20132262
50,0,1,71,0.28629273
50,0,1,72,0.903452
50,0,1,73,0.38440925
50,0,1,74,0.6727875
50,0,1,75,0.4774856
50,0,1,76,0.22451293
50,0,1,77,0.15495586
50,0,1,78,0.43589556
50,0,1,79,0.5745067
50,0,1,80,0.1527108
50,0,1,81,0.8393072
50,0,1,82,0.37225938
50,0,1,83,0.5890391
50,0,1,84,0.54800385
50,0,1,85,0.7986795
50,0,1,86,0.39799917
50,0,1,87,0.7832337
50,0,1,88,0.91423833
50,0,1,89,0.7356297
50,0,2,0,80240.16
50,0,2,1,99271.33
50,0,2,2,144588.9
50,0,2,3,50648.816
50,0,2,4,144317.23
50,0,2,5,203440.84
50,0,2,6,91759.46
50,0,2,7,142703.48
50,0,2,8,149397.34
50,0,2,9,128411.32
50,0,2,10,5.381296
50,0,2,11,5.3248773
50,0,2,12,4.929082
50,0,2,13,4.756473
50,0,2,14,6.796645
50,0,2,15,6.471406
50,0,2,16,6.9713197
50,0,2,17,6.308462
50,0,2,18,6.538379
50,0,2,19,4.07904
50,0,2,20,5.723473
50,0,2,21,5.68296
50,0,2,22,6.189908
50,0,2,23,5.2503295
50,0,2,24,6.8394756
50,0,2,25,6.086966
50,0,2,26,5.385483
50,0,2,27,6.141115
50,0,2,28,6.354449
50,0,2,29,5.0325627
50,0,2,30,6.647345
50,0,2,31,5.7014503
50,0,2,32,5.906158
50,0,2,33,4.7737336
50,0,2,34,5.359168
50,0,2,35,5.721817
50,0,2,36,6.959153
50,0,2,37,5.886751
50,0,2,38,5.1099615
50,0,2,39,4.8690524
50,0,2,40,21.008795
50,0,2,41,19.786434
50,0,2,42,19.620228
50,0,2,43,24.034882
50,0,2,44,23.815248
50,0,2,45,22.01333
50,0,2,46,20.570185
50,0,2,47,20.047068
50,0,2,48,21.424679
50,0,2,49,20.321653
50,0,2,50,20.320759
50,0,2,51,22.231441
50,0,2,52,20.495901
50,0,2,53,20.10151
50,0,2,54,19.898247
50,0,2,55,19.70729
50,0,2,56,18.765945
50,0,2,57,20.233944
50,0,2,58,21.309626
50,0,2,59,21.452856
50,0,2,60,22.812098
50,0,2,61,20.63013
50,0,2,62,19.128992
50,0,2,63,18.360313
50,0,2,64,21.38337
50,0,2,65,21.03273
50,0,2,66,22.72493
50,0,2,67,20.780624
50,0,2,68,20.343012
50,0,2,69,21.583292
50,0,2,70,21.9209
50,0,2,71,19.628885
50,0,2,72,22.590302
50,0,2,73,21.215555
50,0,2,74,19.792437
50,0,2,75,19.812428
50,0,2,76,20.546894
50,0,2,77,20.271357
50,0,2,78,20.783276
50,0,2,79,22.85909
50,0,2,80,17.912138
50,0,2,81,19.991781
50,0,2,82,20.550714
50,0,2,83,21.375816
50,0,2,84,20.311672
50,0,2,85,21.756277
50,0,2,86,21.150982
50,0,2,87,23.800095
50,0,2,88,20.932497
50,0,2,89,20.26019
50,0,3,0,65050.156
50,0,3,1,101462.53
50,0,3,2,216156.27
50,0,3,3,26739.098
50,0,3,4,216520.77
50,0,3,5,433962.44
50,0,3,6,86571.03
50,0,3,7,212538.17
50,0,3,8,234613.55
50,0,3,9,172081.34
50,0,3,10,16.49749
50,0,3,11,12.916068
50,0,3,12,9.881542
50,0,3,13,13.663581
50,0,3,14,19.182827
50,0,3,15,21.7253
50,0,3,16,25.235172
50,0,3,17,17.50581
50,0,3,18,22.603685
50,0,3,19,10.4228115
50,0,3,20,16.956087
50,0,3,21,17.583342
50,0,3,22,18.39002
50,0,3,23,11.40207
50,0,3,24,22.701311
50,0,3,25,19.3628
50,0,3,26,13.855633
50,0,3,27,14.4714
50,0,3,28,15.934929
50,0,3,29,13.255393
50,0,3,30,19.07853
50,0,3,31,11.565024
50,0,3,32,16.32423
50,0,3,33,11.668796
50,0,3,34,13.395857
50,0,3,35,14.523312
50,0,3,36,20.439487
50,0,3,37,16.61045
50,0,3,38,14.804008
50,0,3,39,14.109776
50,0,3,40,204.81783
50,0,3,41,184.08255
50,0,3,42,179.28717
50,0,3,43,259.84256
50,0,3,44,203.46179
50,0,3,45,225.92053
50,0,3,46,187.51317
50,0,3,47,212.94363
50,0,3,48,199.81491
50,0,3,49,181.54695
50,0,3,50,182.18797
50,0,3,51,210.72073
50,0,3,52,197.92577
50,0,3,53,160.54912
50,0,3,54,166.5101
50,0,3,55,184.0924
50,0,3,56,142.84912
50,0,3,57,170.33475
50,0,3,58,176.29794
50,0,3,59,176.52873
50,0,3,60,252.78174
50,0,3,61,173.48737
50,0,3,62,175.43695
50,0,3,63,154.08513
50,0,3,64,202.70493
50,0,3,65,196.02386
50,0,3,66,211.72743
50,0,3,67,204.23538
50,0,3,68,171.59724
50,0,3,69,204.90623
50,0,3,70,208.16736
50,0,3,71,164.0241
50,0,3,72,205.6769
50,0,3,73,192.5804
50,0,3,74,170.59293
50,0,3,75,148.27493
50,0,3,76,177.86427
50,0,3,77,151.89772
50,0,3,78,204.97096
50,0,3,79,211.68187
50,0,3,80,130.97498
50,0,3,81,183.24619
50,0,3,82,172.5525
50,0,3,83,182.23026
50,0,3,84,189.93721
50,0,3,85,214.78743
50,0,3,86,190.88618
50,0,3,87,241.9164
50,0,3,88,183.6694
50,0,3,89,210.35721
50,1,0,0,0.51423043
50,1,0,1,0.60273975
50,1,0,2,0.38558453
50,1,0,3,0.23528302
50,1,0,4,0.7722605
50,1,0,5,0.058527708
50,1,0,6,0.8092829
50,1,0,7,0.5562385
50,1,0,8,0.13160467
50,1,0,9,0.9412755
50,1,0,10,0.1803664
50,1,0,11,0.5839452
50,1,0,12,0.8023913
50,1,0,13,0.38392085
50,1,0,14,0.68209153
50,1,0,15,0.48529118
50,1,0,16,0.92866945
50,1,0,17,0.32272404
50,1,0,18,0.3034448
50,1,0,19,0.571071
50,1,0,20,0.83595043
50,1,0,21,0.6324341
50,1,0,22,0.9948784
50,1,0,23,0.7683362
50,1,0,24,0.7809053
50,1,0,25,0.507882
50,1,0,26,0.5508874
50,1,0,27,0.12647855
50,1,0,28,0.60302955
50,1,0,29,0.5877578
50,1,0,30,0.41464978
50,1,0,31,0.62087363
50,1,0,32,0.37046844
50,1,0,33,0.5165265
50,1,0,34,0.12045872
50,1,0,35,0.67122704
50,1,0,36,0.7108291
50,1,0,37,0.9968803
50,1,0,38,0.016432106
50,1,0,39,0.60133946
50,1,0,40,0.02268958
50,1,0,41,0.897821
50,1,0,42,0.24299568
50,1,0,43,0.732826
50,1,0,44,0.17464566
50,1,0,45,0.65241385
50,1,0,46,0.68189
50,1,0,47,0.9273948
50,1,0,48,0.61612093
50,1,0,49,0.004444003
50,1,0,50,0.735963
50,1,0,51,0.17061198
50,1,0,52,0.047798097
50,1,0,53,0.14465946
50,1,0,54,0.35176462
50,1,0,55,0.22464848
50,1,0,56,0.9294111
50,1,0,57,0.41497242
50,1,0,58,0.65497005
50,1,0,59,0.4683255
50,1,0,60,0.13877237
50,1,0,61,0.05294162
50,1,0,62,0.93291444
50,1,0,63,0.7898459
50,1,0,64,0.03829032
50,1,0,65,0.8990507
50,1,0,66,0.46903056
50,1,0,67,0.8009186
50,1,0,68,0.053866923
50,1,0,69,0.5957441
50,1,0,70,0.91073895
50,1,0,71,0.70055354
50,1,0,72,0.6259464
50,1,0,73,0.5698765
50,1,0,74,0.43534613
50,1,0,75,0.8326251
50,1,0,76,0.05361992
50,1,0,77,0.009178519
50,1,0,78,0.96776724
50,1,0,79,0.35337216
50,1,0,80,0.32007354
50,1,0,81,0.118534684
50,1,0,82,0.09939462
50,1,0,83,0.45332366
50,1,0,84,0.46129948
50,1,0,85,0.1733169
50,1,0,86,0.15919232
50,1,0,87,0.26270813
50,1,0,88,0.4198742
50,1,0,89,0.2747109
50,1,0,90,0.09610587
50,1,0,91,0.9102263
50,1,0,92,0.611738
50,1,0,93,0.25591856
50,1,0,94,0.44613218
50,1,0,95,0.20213628
50,1,0,96,0.6262963
50,1,0,97,0.8883152
50,1,0,98,0.67790383
50,1,0,99,0.041921973
50,1,0,100,0.57879215
50,1,0,101,0.39308405
50,1,0,102,0.6373995
50,1,0,103,0.020383
50,1,0,104,0.63878626
50,1,0,105,0.27654856
50,1,0,106,0.6453988
50,1,0,107,0.5718084
50,1,0,108,0.1697095
50,1,0,109,0.67636585
50,1,0,110,0.04056084
50,1,0,111,0.7139634
50,1,0,112,0.73183954
50,1,0,113,0.73094136
50,1,0,114,0.60650903
50,1,0,115,0.66794133
50,1,0,116,0.92468303
50,1,0,117,0.9658688
50,1,0,118,0.37306672
50,1,0,119,0.5885015
50,1,0,120,0.67462957
50,1,0,121,0.32889718
50,1,0,122,0.7397941
50,1,0,123,0.2263344
50,1,0,124,0.10987526
50,1,0,125,0.29886925
50,1,0,126,0.7342333
50,1,0,127,0.59076685
50,1,0,128,0.606997
50,1,0,129,0.44427198
50,1,0,130,0.48778087
50,1,0,131,0.5847391
50,1,0,132,0.9421923
50,1,0,133,0.9134869
50,1,0,134,0.688858
50,1,0,135,0.1434564
50,1,0,136,0.7350796
50,1,0,137,0.60151976
50,1,0,138,0.8560637
50,1,0,139,0.6239378
50,1,0,140,0.53409034
50,1,0,141,0.15693802
50,1,0,142,0.763249
50,1,0,143,0.06475562
50,1,0,144,0.95986444
50,1,0,145,0.567937
50,1,0,146,0.24395919
50,1,0,147,0.46357948
50,1,0,148,0.29669422
50,1,0,149,0.7979032
50,1,0,150,0.90445125
50,1,0,151,0.40470755
50,1,0,152,0.8019446
50,1,0,153,0.8285362
50,1,0,154,0.98249775
50,1,0,155,0.2095908
50,1,0,156,0.78951126
50,1,0,157,0.5125393
50,1,0,158,0.7034491
50,1,0,159,0.28042293
50,1,0,160,0.23575938
50,1,0,161,0.8380798
50,1,0,162,0.00553298
50,1,0,163,0.46019262
50,1,0,164,0.25501972
50,1,0,165,0.5636691
50,1,0,166,0.43312705
50,1,0,167,0.042161345
50,1,0,168,0.2966017
50,1,0,169,0.6948066
50,1,0,170,0.3297497
50,1,0,171,0.5275539
50,1,0,172,0.32641464
50,1,0,173,0.9426763
50,1,0,174,0.20177072
50,1,0,175,0.35231578
50,1,0,176,0.57367265
50,1,0,177,0.13038069
50,1,0,178,0.26935226
50,1,0,179,0.58211446
50,1,0,180,0.64679104
50,1,0,181,0.4936418
50,1,0,182,0.77288777
50,1,0,183,0.009330809
50,1,0,184,0.9524639
50,1,0,185,0.9605953
50,1,0,186,0.5612142
50,1,0,187,0.1766066
50,1,0,188,0.38804704
50,1,0,189,0.78924775
50,1,0,190,0.8521316
50,1,0,191,0.5985862
50,1,0,192,0.2197513
50,1,0,193,0.39136207
50,1,0,194,0.82627076
50,1,0,195,0.8568084
50,1,0,196,0.90778685
50,1,0,197,0.77798444
50,1,0,198,0.8921081
50,1,0,199,0.3022774
50,1,0,200,0.3944782
50,1,0,201,0.8245169
50,1,0,202,0.042935073
50,1,0,203,0.8160592
50,1,0,204,0.03250599
50,1,0,205,0.47218895
50,1,0,206,0.71584654
50,1,0,207,0.45032334
50,1,0,208,0.89781225
50,1,0,209,0.057974637
50,1,0,210,0.9583199
50,1,0,211,0.8005676
50,1,0,212,0.7053392
50,1,0,213,0.19644767
50,1,0,214,0.50971705
50,1,0,215,0.6443339
50,1,0,216,0.9256551
50,1,0,217,0.024762511
50,1,0,218,0.61304533
50,1,0,219,0.722546
50,1,0,220,0.9866526
50,1,0,221,0.16589403
50,1,0,222,0.98657465
50,1,0,223,0.53666717
50,1,0,224,0.63688755
50,1,0,225,0.46546465
50,1,0,226,0.4054144
50,1,0,227,0.68819886
50,1,0,228,0.64576143
50,1,0,229,0.41393226
50,1,0,230,0.7699113
50,1,0,231,0.5966087
50,1,0,232,0.020629883
50,1,0,233,0.17860812
50,1,0,234,0.37073785
50,1,0,235,0.3976001
50,1,0,236,0.83205473
50,1,0,237,0.33891898
50,1,0,238,0.29979843
50,1,0,239,0.44570315
50,1,0,240,0.55580074
50,1,0,241,0.74352264
50,1,0,242,0.6015885
50,1,0,243,0.12348777
50,1,0,244,0.5638075
50,1,0,245,0.38933313
50,1,0,246,0.81139916
50,1,0,247,0.59427077
50,1,0,248,0.02625382
50,1,0,249,0.860204
50,1,0,250,0.98476774
50,1,0,251,0.72600883
50,1,0,252,0.022962391
50,1,0,253,0.6569665
50,1,0,254,0.18683356
50,1,0,255,0.6611383
50,1,0,256,0.104774654
50,1,0,257,0.7007136
50,1,0,258,0.6807641
50,1,0,259,0.41044503
50,1,0,260,0.8941621
50,1,0,261,0.3976648
50,1,0,262,0.7311765
50,1,0,263,0.4086169
50,1,0,264,0.5692184
50,1,0,265,0.9166448
50,1,0,266,0.021485865
50,1,0,267,0.18495071
50,1,0,268,0.23631322
50,1,0,269,0.7491519
50,1,0,270,0.1733703
50,1,0,271,0.17475832
50,1,0,272,0.26407015
50,1,0,273,0.19718766
50,1,0,274,0.7520495
50,1,0,275,0.22533417
50,1,0,276,0.624963
50,1,0,277,0.1654675
50,1,0,278,0.44283348
50,1,0,279,0.53491914
50,1,0,280,0.17070901
50,1,0,281,0.52232206
50,1,0,282,0.79240334
50,1,0,283,0.6039138
50,1,0,284,0.5537705
50,1,0,285,0.33754992
50,1,0,286,0.022545874
50,1,0,287,0.27466643
50,1,0,288,0.19965649
50,1,0,289,0.50567305
50,1,0,290,0.9445701
50,1,0,291,0.0894801
50,1,0,292,0.3333534
50,1,0,293,0.6194953
50,1,0,294,0.9293929
50,1,0,295,0.0060541034
50,1,0,296,0.56809145
50,1,0,297,0.4715566
50,1,0,298,0.22128755
50,1,0,299,0.97539496
50,1,0,300,0.97579116
50,1,0,301,0.23002362
50,1,0,302,0.62254834
50,1,0,303,0.009302855
50,1,0,304,0.8759125
50,1,0,305,0.1607495
50,1,0,306,0.7218297
50,1,0,307,0.1428594
50,1,0,308,0.80306655
50,1,0,309,0.74868476
50,1,0,310,0.39067924
50,1,0,311,0.13191348
50,1,0,312,0.2436285
50,1,0,313,0.20951313
50,1,0,314,0.23078936
50,1,0,315,0.81638086
50,1,0,316,0.76772606
50,1,0,317,0.67633337
50,1,0,318,0.018751502
50,1,0,319,0.827246
50,1,0,320,0.12535942
50,1,0,321,0.7964031
50,1,0,322,0.9656034
50,1,0,323,0.7184717
50,1,0,324,0.72404116
50,1,0,325,0.079405606
50,1,0,326,0.7852197
50,1,0,327,0.6645954
50,1,0,328,0.66022825
50,1,0,329,0.101395845
50,1,0,330,0.14860171
50,1,0,331,0.5806097
50,1,0,332,0.1379509
50,1,0,333,0.5875283
50,1,0,334,0.090381205
50,1,0,335,0.8927947
50,1,0,336,0.6754249
50,1,0,337,0.47186285
50,1,0,338,0.32936168
50,1,0,339,0.2174921
50,1,0,340,0.974068
50,1,0,341,0.26399177
50,1,0,342,0.26667583
50,1,0,343,0.8893777
50,1,0,344,0.70422393
50,1,0,345,0.43992513
50,1,0,346,0.6331489
50,1,0,347,0.6216144
50,1,0,348,0.7480286
50,1,0,349,0.11861795
50,1,0,350,0.37171292
50,1,0,351,0.5773317
50,1,0,352,0.63223773
50,1,0,353,0.98571754
50,1,0,354,0.36122566
50,1,0,355,0.78520507
50,1,0,356,0.982468
50,1,0,357,0.2825544
50,1,0,358,0.014806569
50,1,0,359,0.14147186
50,1,0,360,0.8351845
50,1,0,361,0.69109565
50,1,0,362,0.6188081
50,1,0,363,0.20654732
50,1,0,364,0.55490285
50,1,0,365,0.11452603
50,1,0,366,0.5178004
50,1,0,367,0.6264685
50,1,0,368,0.9214549
50,1,0,369,0.678315
50,1,0,370,0.8964539
50,1,0,371,0.2877196
50,1,0,372,0.6758014
50,1,0,373,0.7580757
50,1,0,374,0.960963
50,1,0,375,0.24855834
50,1,0,376,0.4427566
50,1,0,377,0.47821563
50,1,0,378,0.7806611
50,1,0,379,0.08078569
50,1,0,380,0.4851231
50,1,0,381,0.9193247
50,1,0,382,0.91473573
50,1,0,383,0.50297123
50,1,0,384,0.18611878
50,1,0,385,0.22244155
50,1,0,386,0.21945983
50,1,0,387,0.08946556
50,1,0,388,0.5056084
50,1,0,389,0.8847844
50,1,0,390,0.90811354
50,1,0,391,0.39910334
50,1,0,392,0.910538
50,1,0,393,0.8042275
50,1,0,394,0.018777907
50,1,0,395,0.08331883
50,1,0,396,0.4411006
50,1,0,397,0.0487507
50,1,0,398,0.93444055
50,1,0,399,0.40546817
50,1,0,400,0.6415462
50,1,0,401,0.90228355
50,1,0,402,0.49536127
50,1,0,403,0.13147116
50,1,0,404,0.05818063
50,1,0,405,0.46981198
50,1,0,406,0.5454013
50,1,0,407,0.93645674
50,1,0,408,0.88698214
50,1,0,409,0.012309551
50,1,0,410,0.46203142
50,1,0,411,0.31291604
50,1,0,412,0.13939571
50,1,0,413,0.22600234
50,1,0,414,0.3339888
50,1,0,415,0.46293807
50,1,0,416,0.38724852
50,1,0,417,0.8806697
50,1,0,418,0.9710603
50,1,0,419,0.8104218
50,1,0,420,0.74636424
50,1,0,421,0.58813065
50,1,0,422,0.8572316
50,1,0,423,0.5787312
50,1,0,424,0.26333392
50,1,0,425,0.9847592
50,1,0,426,0.49144363
50,1,0,427,0.34507644
50,1,0,428,0.2810365
50,1,0,429,0.28081787
50,1,0,430,0.29945987
50,1,0,431,0.60498
50,1,0,432,0.6758833
50,1,0,433,0.9545945
50,1,0,434,0.4458552
50,1,0,435,0.15850037
50,1,0,436,0.08339417
50,1,0,437,0.3507722
50,1,0,438,0.42689216
50,1,0,439,0.5644624
50,1,0,440,0.35859644
50,1,0,441,0.0801571
50,1,0,442,0.28306222
50,1,0,443,0.9997594
50,1,0,444,0.55386865
50,1,0,445,0.4118352
50,1,0,446,0.63432455
50,1,0,447,0.60786444
50,1,0,448,0.6392366
50,1,0,449,0.29902363
50,1,0,450,0.51158315
50,1,0,451,0.8240082
50,1,0,452,0.038759768
50,1,0,453,0.28632826
50,1,0,454,0.13470298
50,1,0,455,0.22405112
50,1,0,456,0.8115299
50,1,0,457,0.30881274
50,1,0,458,0.3703698
50,1,0,459,0.15989655
50,1,0,460,0.96693665
50,1,0,461,0.31223255
50,1,0,462,0.59236026
50,1,0,463,0.81636536
50,1,0,464,0.9712373
50,1,0,465,0.69897974
50,1,0,466,0.062294245
50,1,0,467,0.35276818
50,1,0,468,0.97610116
50,1,0,469,0.8357318
50,1,0,470,0.7506986
50,1,0,471,0.47698563
50,1,0,472,0.6796805
50,1,0,473,0.24649131
50,1,0,474,0.72622275
50,1,0,475,0.1406852
50,1,0,476,0.01689583
50,1,0,477,0.6586508
50,1,0,478,0.85509944
50,1,0,479,0.041374028
50,1,0,480,0.068001926
50,1,0,481,0.7699101
50,1,0,482,0.57345676
50,1,0,483,0.27030796
50,1,0,484,0.6731374
50,1,0,485,0.46031994
50,1,0,486,0.9218413
50,1,0,487,0.75484616
50,1,0,488,0.24544168
50,1,0,489,0.18642175
50,1,0,490,0.864323
50,1,0,491,0.10966241
50,1,0,492,0.18645644
50,1,0,493,0.46339685
50,1,0,494,0.1538077
50,1,0,495,0.13329351
50,1,0,496,0.12491119
50,1,0,497,0.66633505
50,1,0,498,0.65069395
50,1,0,499,0.46482563
50,1,0,500,0.9236259
50,1,0,501,0.86317784
50,1,0,502,0.053765237
50,1,0,503,0.8500902
50,1,0,504,0.029145956
50,1,0,505,0.029586077
50,1,0,506,0.46021962
50,1,0,507,0.05756122
50,1,0,508,0.27485806
50,1,0,509,0.7899281
50,1,0,510,0.035994172
50,1,0,511,0.7312149
50,1,0,512,0.6907177
50,1,0,513,0.7787784
50,1,0,514,0.34805173
50,1,0,515,0.37093568
50,1,0,516,0.22135258
50,1,0,517,0.8237641
50,1,0,518,0.5870522
50,1,0,519,0.19061923
50,1,0,520,0.5091882
50,1,0,521,0.41328984
50,1,0,522,0.99184245
50,1,0,523,0.81994706
50,1,0,524,0.06037587
50,1,0,525,0.3316182
50,1,0,526,0.27645266
50,1,0,527,0.68787444
50,1,0,528,0.17868483
50,1,0,529,0.9189779
50,1,0,530,0.7557977
50,1,0,531,0.45419675
50,1,0,532,0.026153803
50,1,0,533,0.14581698
50,1,0,534,0.1680386
50,1,0,535,0.040126503
50,1,0,536,0.04918033
50,1,0,537,0.57801396
50,1,0,538,0.899567
50,1,0,539,0.6496364
50,1,0,540,0.7948582
50,1,0,541,0.35380465
50,1,0,542,0.43283403
50,1,0,543,0.67039216
50,1,0,544,0.8347569
50,1,0,545,0.49337846
50,1,0,546,0.3577515
50,1,0,547,0.49642038
50,1,0,548,0.11196929
50,1,0,549,0.21854252
50,1,0,550,0.21415335
50,1,0,551,0.12422615
50,1,0,552,0.5321369
50,1,0,553,0.4725479
50,1,0,554,0.76581013
50,1,0,555,0.8398959
50,1,0,556,0.030294776
50,1,0,557,0.49911666
50,1,0,558,0.0457502
50,1,0,559,0.43679154
50,1,0,560,0.6627606
50,1,0,561,0.16490519
50,1,0,562,0.6581465
50,1,0,563,0.1817612
50,1,0,564,0.49692643
50,1,0,565,0.69108325
50,1,0,566,0.37378746
50,1,0,567,0.18236387
50,1,0,568,0.2016924
50,1,0,569,0.5974039
50,1,0,570,0.014157236
50,1,0,571,0.89842355
50,1,0,572,0.27741677
50,1,0,573,0.956085
50,1,0,574,0.983409
50,1,0,575,0.28830075
50,1,0,576,0.8066376
50,1,0,577,0.5030187
50,1,0,578,0.57802254
50,1,0,579,0.48358822
50,1,0,580,0.45545548
50,1,0,581,0.7602684
50,1,0,582,0.38069475
50,1,0,583,0.94550824
50,1,0,584,0.21034926
50,1,0,585,0.08651233
50,1,0,586,0.628021
50,1,0,587,0.77211
50,1,0,588,0.996328
50,1,0,589,0.49103302
50,1,0,590,0.43078053
50,1,0,591,0.19743466
50,1,0,592,0.8897085
50,1,0,593,0.12205106
50,1,0,594,0.12114978
50,1,0,595,0.3521374
50,1,0,596,0.11243677
50,1,0,597,0.5716456
50,1,0,598,0.80292344
50,1,0,599,0.039623857
50,1,0,600,0.37475753
50,1,0,601,0.527199
50,1,0,602,0.38883078
50,1,0,603,0.6225823
50,1,0,604,0.4191671
50,1,0,605,0.84324837
50,1,0,606,0.023294449
50,1,0,607,0.11185855
50,1,0,608,0.8109681
50,1,0,609,0.80782354
50,1,0,610,0.80948454
50,1,0,611,0.20294535
50,1,0,612,0.11937815
50,1,0,613,0.23379374
50,1,0,614,0.18627942
50,1,0,615,0.31492537
50,1,0,616,0.63802576
50,1,0,617,0.01844263
50,1,0,618,0.13375366
50,1,0,619,0.6525282
50,1,0,620,0.7048011
50,1,0,621,0.9834367
50,1,0,622,0.62506914
50,1,0,623,0.9340328
50,1,0,624,0.49841166
50,1,0,625,0.13254493
50,1,0,626,0.38815534
50,1,0,627,0.7060649
50,1,0,628,0.91262466
50,1,0,629,0.9459163
50,1,0,630,0.0923208
50,1,0,631,0.10091287
50,1,0,632,0.73906285
50,1,0,633,0.9674146
50,1,0,634,0.53294665
50,1,0,635,0.4828019
50,1,0,636,0.9255505
50,1,0,637,0.7354562
50,1,0,638,0.2516712
50,1,0,639,0.67663884
50,1,0,640,0.119392574
50,1,0,641,0.057991683
50,1,0,642,0.29998112
50,1,0,643,0.37606066
50,1,0,644,0.05359876
50,1,0,645,0.7387175
50,1,0,646,0.5308833
50,1,0,647,0.8871886
50,1,0,648,0.58895147
50,1,0,649,0.12429923
50,1,0,650,-0.8835017
50,1,0,651,0.40411675
50,1,0,652,0.36910686
50,1,1,0,0.057284832
50,1,1,1,0.4766206
50,1,1,2,0.24378657
50,1,1,3,0.7149332
50,1,1,4,0.12426627
50,1,1,5,0.27168417
50,1,1,6,0.7520935
50,1,1,7,0.87582433
50,1,1,8,0.5775113
50,1,1,9,0.23005325
50,1,1,10,0.6608454
50,1,1,11,0.76604533
50,1,1,12,0.3890533
50,1,1,13,0.14490026
50,1,1,14,0.30547953
50,1,1,15,0.2941786
50,1,1,16,0.5352133
50,1,1,17,0.07037604
50,1,1,18,0.09707433
50,1,1,19,0.62952715
50,1,1,20,0.97489125
50,1,1,21,0.6547965
50,1,1,22,0.1529231
50,1,1,23,0.87000746
50,1,1,24,0.27117634
50,1,1,25,0.91931105
50,1,1,26,0.13477415
50,1,1,27,0.1384486
50,1,1,28,0.9168532
50,1,1,29,0.92080337
50,1,1,30,0.56673896
50,1,1,31,0.99575704
50,1,1,32,0.105047286
50,1,1,33,0.7075021
50,1,1,34,0.22616136
50,1,1,35,0.29475552
50,1,1,36,0.8981624
50,1,1,37,0.7267569
50,1,1,38,0.5532787
50,1,1,39,0.11510855
50,1,1,40,0.4914326
50,1,1,41,0.3766594
50,1,1,42,0.40929598
50,1,1,43,0.21759677
50,1,1,44,0.5418196
50,1,1,45,0.7066675
50,1,1,46,0.9275314
50,1,1,47,0.53510505
50,1,1,48,0.33865547
50,1,1,49,0.36711693
50,1,1,50,0.6485827
50,1,1,51,0.57804036
50,1,1,52,0.92934126
50,1,1,53,0.7834798
50,1,1,54,0.6080011
50,1,1,55,0.2734964
50,1,1,56,0.1815775
50,1,1,57,0.18845892
50,1,1,58,0.55375046
50,1,1,59,0.68033534
50,1,1,60,0.16301686
50,1,1,61,0.5834795
50,1,1,62,0.010765851
50,1,1,63,0.22645658
50,1,1,64,0.14989239
50,1,1,65,0.920871
50,1,1,66,0.4812178
50,1,1,67,0.5998748
50,1,1,68,0.03808987
50,1,1,69,0.79900336
50,1,1,70,0.6716251
50,1,1,71,0.19183189
50,1,1,72,0.9232961
50,1,1,73,0.74487317
50,1,1,74,0.27174914
50,1,1,75,0.038017273
50,1,1,76,0.14126933
50,1,1,77,0.7221085
50,1,1,78,0.47524208
50,1,1,79,0.53307444
50,1,1,80,0.1149416
50,1,1,81,0.8470895
50,1,1,82,0.12830937
50,1,1,83,0.80392194
50,1,1,84,0.9419784
50,1,1,85,0.42185777
50,1,1,86,0.120186985
50,1,1,87,0.5190184
50,1,1,88,0.7745827
50,1,1,89,0.29971325
50,1,1,90,0.38802224
50,1,1,91,0.083554566
50,1,1,92,0.69274616
50,1,1,93,0.28787696
50,1,1,94,0.6987868
50,1,1,95,0.6246543
50,1,1,96,0.9528148
50,1,1,97,0.76132005
50,1,1,98,0.19213861
50,1,1,99,0.90601987
50,1,1,100,0.20514822
50,1,1,101,0.91284
50,1,1,102,0.5206892
50,1,1,103,0.32805854
50,1,1,104,0.51781785
50,1,1,105,0.096689284
50,1,1,106,0.307922
50,1,1,107,0.4673769
50,1,1,108,0.8177032
50,1,1,109,0.536539
50,1,1,110,0.5590456
50,1,1,111,0.18863392
50,1,1,112,0.6660076
50,1,1,113,0.26328695
50,1,1,114,0.60635614
50,1,1,115,0.22209328
50,1,1,116,0.12213129
50,1,1,117,0.5241948
50,1,1,118,0.14822036
50,1,1,119,0.24181706
50,1,1,120,0.8180024
50,1,1,121,0.062067747
50,1,1,122,0.94958204
50,1,1,123,0.90229565
50,1,1,124,0.26438034
50,1,1,125,0.60166436
50,1,1,126,0.8119318
50,1,1,127,0.9954097
50,1,1,128,0.8413109
50,1,1,129,0.6002522
50,1,1,130,0.49196994
50,1,1,131,0.8749708
50,1,1,132,0.88682646
50,1,1,133,0.8202017
50,1,1,134,0.35073197
50,1,1,135,0.56269
50,1,1,136,0.7911471
50,1,1,137,0.56373525
50,1,1,138,0.6487331
50,1,1,139,0.4972753
50,1,1,140,0.028055549
50,1,1,141,0.4734282
50,1,1,142,0.5677307
50,1,1,143,0.7174589
50,1,1,144,0.61077935
50,1,1,145,0.6467821
50,1,1,146,0.23598897
50,1,1,147,0.38010907
50,1,1,148,0.54663104
50,1,1,149,0.4391685
50,1,1,150,0.26147115
50,1,1,151,0.9061802
50,1,1,152,0.4828189
50,1,1,153,0.7366684
50,1,1,154,0.5361748
50,1,1,155,0.7201097
50,1,1,156,0.8852552
50,1,1,157,0.66880834
50,1,1,158,0.3648612
50,1,1,159,0.5023679
50,1,1,160,0.77285516
50,1,1,161,0.7009202
50,1,1,162,0.29272306
50,1,1,163,0.11022282
50,1,1,164,0.2417295
50,1,1,165,0.7968309
50,1,1,166,0.35906994
50,1,1,167,0.8383791
50,1,1,168,0.7568431
50,1,1,169,0.8748103
50,1,1,170,0.88790387
50,1,1,171,0.48900592
50,1,1,172,0.46312052
50,1,1,173,0.09318739
50,1,1,174,0.34129238
50,1,1,175,0.7997674
50,1,1,176,0.57364905
50,1,1,177,0.596767
50,1,1,178,0.20773953
50,1,1,179,0.13882118
50,1,1,180,0.2295379
50,1,1,181,0.23115838
50,1,1,182,0.37529063
50,1,1,183,0.01735425
50,1,1,184,0.094162285
50,1,1,185,0.3893525
50,1,1,186,0.94789875
50,1,1,187,0.8930735
50,1,1,188,0.34393013
50,1,1,189,0.5933623
50,1,1,190,0.003617406
50,1,1,191,0.9421731
50,1,1,192,0.64837676
50,1,1,193,0.63346523
50,1,1,194,0.36447555
50,1,1,195,0.9626505
50,1,1,196,0.1943047
50,1,1,197,0.08856654
50,1,1,198,0.050427258
50,1,1,199,0.33844405
50,1,1,200,0.80185115
50,1,1,201,0.83342445
50,1,1,202,0.7235601
50,1,1,203,0.041720092
50,1,1,204,0.704779
50,1,1,205,0.7019592
50,1,1,206,0.0937832
50,1,1,207,0.9797336
50,1,1,208,0.6229521
50,1,1,209,0.82059187
50,1,1,210,0.95350695
50,1,1,211,0.60304284
50,1,1,212,0.34186786
50,1,1,213,0.25153524
50,1,1,214,0.23636353
50,1,1,215,0.5834578
50,1,1,216,0.1322875
50,1,1,217,0.49318773
50,1,1,218,0.25380772
50,1,1,219,0.5429538
50,1,1,220,0.99241406
50,1,1,221,0.07325542
50,1,1,222,0.053476334
50,1,1,223,0.26888323
50,1,1,224,0.87573624
50,1,1,225,0.9399561
50,1,1,226,0.66447335
50,1,1,227,0.5861717
50,1,1,228,0.7795683
50,1,1,229,0.6076334
50,1,1,230,0.8472869
50,1,1,231,0.07378268
50,1,1,232,0.81247985
50,1,1,233,0.045337737
50,1,1,234,0.8498337
50,1,1,235,0.110590935
50,1,1,236,0.13322496
50,1,1,237,0.110406876
50,1,1,238,0.58616525
50,1,1,239,0.31490242
50,1,1,240,0.95944333
50,1,1,241,0.923804
50,1,1,242,0.60065925
50,1,1,243,0.30221272
50,1,1,244,0.68131924
50,1,1,245,0.9599499
50,1,1,246,0.15805906
50,1,1,247,0.82739633
50,1,1,248,0.4835508
50,1,1,249,0.78101104
50,1,1,250,0.8085121
50,1,1,251,0.8003711
50,1,1,252,0.7783925
50,1,1,253,0.2840821
50,1,1,254,0.8167989
50,1,1,255,0.36838353
50,1,1,256,0.18320203
50,1,1,257,0.049428523
50,1,1,258,0.91623193
50,1,1,259,0.24341178
50,1,1,260,0.73783225
50,1,1,261,0.8789308
50,1,1,262,0.95024234
50,1,1,263,0.7197863
50,1,1,264,0.5503771
50,1,1,265,0.89609915
50,1,1,266,0.09846413
50,1,1,267,0.37497753
50,1,1,268,0.08419204
50,1,1,269,0.6425029
50,1,1,270,0.54916143
50,1,1,271,0.2756033
50,1,1,272,0.8547738
50,1,1,273,0.4501869
50,1,1,274,0.6761349
50,1,1,275,0.6210588
50,1,1,276,0.39199913
50,1,1,277,0.9956225
50,1,1,278,0.0057827234
50,1,1,279,0.14877558
50,1,1,280,0.9413859
50,1,1,281,0.34796822
50,1,1,282,0.51878065
50,1,1,283,0.29796416
50,1,1,284,0.527454
50,1,1,285,0.012890458
50,1,1,286,0.12088299
50,1,1,287,0.0828011
50,1,1,288,0.68292695
50,1,1,289,0.4429236
50,1,1,290,0.4386381
50,1,1,291,0.8613677
50,1,1,292,0.35943043
50,1,1,293,0.23632187
50,1,1,294,0.44834906
50,1,1,295,0.70325387
50,1,1,296,0.27850693
50,1,1,297,0.7785857
50,1,1,298,0.83039993
50,1,1,299,0.856589
50,1,1,300,0.25618017
50,1,1,301,0.39431846
50,1,1,302,0.35610718
50,1,1,303,0.8943642
50,1,1,304,0.8399673
50,1,1,305,0.17179948
50,1,1,306,0.060544252
50,1,1,307,0.48026282
50,1,1,308,0.93415
50,1,1,309,0.4986316
50,1,1,310,0.43232805
50,1,1,311,0.3358161
50,1,1,312,0.95728123
50,1,1,313,0.0040522814
50,1,1,314,0.36014223
50,1,1,315,0.91355354
50,1,1,316,0.47531652
50,1,1,317,0.041971862
50,1,1,318,0.11581439
50,1,1,319,0.48491853
50,1,1,320,0.18442482
50,1,1,321,0.06852764
50,1,1,322,0.2250514
50,1,1,323,0.8370717
50,1,1,324,0.57944566
50,1,1,325,0.2689227
50,1,1,326,0.6794763
50,1,1,327,0.53930604
50,1,1,328,0.637126
50,1,1,329,0.5705413
50,1,1,330,0.57740045
50,1,1,331,0.7876485
50,1,1,332,0.36768216
50,1,1,333,0.74281234
50,1,1,334,0.9458018
50,1,1,335,0.165326
50,1,1,336,0.14389682
50,1,1,337,0.629015
50,1,1,338,0.19227153
50,1,1,339,0.26712388
50,1,1,340,0.3038764
50,1,1,341,0.6812028
50,1,1,342,0.36322784
50,1,1,343,0.027267218
50,1,1,344,0.6417559
50,1,1,345,0.8766431
50,1,1,346,0.14348698
50,1,1,347,0.7633059
50,1,1,348,0.050054252
50,1,1,349,0.78264976
50,1,1,350,0.3223189
50,1,1,351,0.4025882
50,1,1,352,0.75804704
50,1,1,353,0.0064106584
50,1,1,354,0.2724058
50,1,1,355,0.09325594
50,1,1,356,0.3224358
50,1,1,357,0.517391
50,1,1,358,0.8406585
50,1,1,359,0.4182992
50,1,1,360,0.7697602
50,1,1,361,0.36211652
50,1,1,362,0.9336371
50,1,1,363,0.7290573
50,1,1,364,0.06441003
50,1,1,365,0.10461986
50,1,1,366,0.9953603
50,1,1,367,0.69365615
50,1,1,368,0.38176125
50,1,1,369,0.92056006
50,1,1,370,0.52157587
50,1,1,371,0.016222894
50,1,1,372,0.5028714
50,1,1,373,0.6489985
50,1,1,374,0.7321059
50,1,1,375,0.42432094
50,1,1,376,0.015336573
50,1,1,377,0.26304615
50,1,1,378,0.5316681
50,1,1,379,0.4448982
50,1,1,380,0.904324
50,1,1,381,0.1590687
50,1,1,382,0.92961365
50,1,1,383,0.19314629
50,1,1,384,0.54845905
50,1,1,385,0.38386565
50,1,1,386,0.16031122
50,1,1,387,0.38401598
50,1,1,388,0.09716064
50,1,1,389,0.42021585
50,1,1,390,0.8484466
50,1,1,391,0.04273957
50,1,1,392,0.6991811
50,1,1,393,0.4334066
50,1,1,394,0.6972953
50,1,1,395,0.93855894
50,1,1,396,0.07652205
50,1,1,397,0.9448423
50,1,1,398,0.34306484
50,1,1,399,0.59496295
50,1,1,400,0.4935618
50,1,1,401,0.74355376
50,1,1,402,0.21469325
50,1,1,403,0.8400864
50,1,1,404,0.258143
50,1,1,405,0.4724064
50,1,1,406,0.46602857
50,1,1,407,0.2525261
50,1,1,408,0.509534
50,1,1,409,0.73303163
50,1,1,410,0.30610365
50,1,1,411,0.53068155
50,1,1,412,0.19759172
50,1,1,413,0.74198365
50,1,1,414,0.34325868
50,1,1,415,0.76782686
50,1,1,416,0.83811706
50,1,1,417,0.54034764
50,1,1,418,0.880155
50,1,1,419,0.8504754
50,1,1,420,0.8413083
50,1,1,421,0.51000595
50,1,1,422,0.4492603
50,1,1,423,0.71419716
50,1,1,424,0.9533826
50,1,1,425,0.4819913
50,1,1,426,0.26217592
50,1,1,427,0.98890316
50,1,1,428,0.6258487
50,1,1,429,0.035835385
50,1,1,430,0.6612162
50,1,1,431,0.64470977
50,1,1,432,0.9325788
50,1,1,433,0.6835468
50,1,1,434,0.10793781
50,1,1,435,0.60985065
50,1,1,436,0.99174106
50,1,1,437,0.5078287
50,1,1,438,0.72085625
50,1,1,439,0.97370255
50,1,1,440,0.71781945
50,1,1,441,0.4813736
50,1,1,442,0.88337743
50,1,1,443,0.31084532
50,1,1,444,0.12835938
50,1,1,445,0.13254881
50,1,1,446,0.9830084
50,1,1,447,0.86617583
50,1,1,448,0.36074448
50,1,1,449,0.4425127
50,1,1,450,0.9142036
50,1,1,451,0.8264492
50,1,1,452,0.016221762
50,1,1,453,0.85977936
50,1,1,454,0.5797387
50,1,1,455,0.67021996
50,1,1,456,0.4415576
50,1,1,457,0.10047382
50,1,1,458,0.25929648
50,1,1,459,0.63601
50,1,1,460,0.08311981
50,1,1,461,0.96599907
50,1,1,462,0.37898558
50,1,1,463,0.67762876
50,1,1,464,0.10384786
50,1,1,465,0.75456053
50,1,1,466,0.9118037
50,1,1,467,0.8859259
50,1,1,468,0.040483594
50,1,1,469,0.9689715
50,1,1,470,0.3665951
50,1,1,471,0.24785501
50,1,1,472,0.39660138
50,1,1,473,0.93038905
50,1,1,474,0.08184129
50,1,1,475,0.7865813
50,1,1,476,0.716391
50,1,1,477,0.5961068
50,1,1,478,0.3306635
50,1,1,479,0.5804652
50,1,1,480,0.8648085
50,1,1,481,0.34925717
50,1,1,482,0.56470406
50,1,1,483,0.89410865
50,1,1,484,0.95162576
50,1,1,485,0.7792522
50,1,1,486,0.9770927
50,1,1,487,0.6712481
50,1,1,488,0.58007425
50,1,1,489,0.5040196
50,1,1,490,0.44849324
50,1,1,491,0.9371339
50,1,1,492,0.8751906
50,1,1,493,0.89856595
50,1,1,494,0.8552658
50,1,1,495,0.23713505
50,1,1,496,0.05263698
50,1,1,497,0.18912584
50,1,1,498,0.66506636
50,1,1,499,0.09866011
50,1,1,500,0.12568331
50,1,1,501,0.7481332
50,1,1,502,0.7227484
50,1,1,503,0.6450873
50,1,1,504,0.716202
50,1,1,505,0.5824767
50,1,1,506,0.13821632
50,1,1,507,0.9132476
50,1,1,508,0.83493996
50,1,1,509,0.9459777
50,1,1,510,0.22792208
50,1,1,511,0.13010693
50,1,1,512,0.92699677
50,1,1,513,0.72675645
50,1,1,514,0.5329856
50,1,1,515,0.18964475
50,1,1,516,0.4403528
50,1,1,517,0.76112777
50,1,1,518,0.03945595
50,1,1,519,0.8375276
50,1,1,520,0.6684529
50,1,1,521,0.5078957
50,1,1,522,0.86002254
50,1,1,523,0.6190278
50,1,1,524,0.64226866
50,1,1,525,0.5803908
50,1,1,526,0.8015232
50,1,1,527,0.47474098
50,1,1,528,0.4029225
50,1,1,529,0.47832245
50,1,1,530,0.4388842
50,1,1,531,0.97900337
50,1,1,532,0.07287437
50,1,1,533,0.48749423
50,1,1,534,0.5436683
50,1,1,535,0.60751617
50,1,1,536,0.7618338
50,1,1,537,0.122656524
50,1,1,538,0.97419435
50,1,1,539,0.09353286
50,1,1,540,0.49297464
50,1,1,541,0.67724806
50,1,1,542,0.4242316
50,1,1,543,0.8860671
50,1,1,544,0.015693784
50,1,1,545,0.41350418
50,1,1,546,0.7485614
50,1,1,547,0.9589325
50,1,1,548,0.58307016
50,1,1,549,0.6773857
50,1,1,550,0.9362369
50,1,1,551,0.7360245
50,1,1,552,0.5153424
50,1,1,553,0.7550096
50,1,1,554,0.1861623
50,1,1,555,0.69610703
50,1,1,556,0.64514035
50,1,1,557,0.60073924
50,1,1,558,0.9546491
50,1,1,559,0.29946995
50,1,1,560,0.5458662
50,1,1,561,0.6618179
50,1,1,562,0.2909001
50,1,1,563,0.23917162
50,1,1,564,0.7815388
50,1,1,565,0.90040576
50,1,1,566,0.2539072
50,1,1,567,0.6611858
50,1,1,568,0.28457612
50,1,1,569,0.7711084
50,1,1,570,0.71303976
50,1,1,571,0.92062026
50,1,1,572,0.36740577
50,1,1,573,0.35056
50,1,1,574,0.37464005
50,1,1,575,0.64527994
50,1,1,576,0.80445755
50,1,1,577,0.035351574
50,1,1,578,0.4482295
50,1,1,579,0.363195
50,1,1,580,0.8830063
50,1,1,581,0.22557092
50,1,1,582,0.96847004
50,1,1,583,0.7173394
50,1,1,584,0.31449676
50,1,1,585,0.1934483
50,1,1,586,0.4228136
50,1,1,587,0.33861363
50,1,1,588,0.42239726
50,1,1,589,0.90007716
50,1,1,590,0.9998113
50,1,1,591,0.77727056
50,1,1,592,0.078291476
50,1,1,593,0.8679066
50,1,1,594,0.46934325
50,1,1,595,0.5033111
50,1,1,596,0.44483304
50,1,1,597,0.3426788
50,1,1,598,0.4335695
50,1,1,599,0.8779813
50,1,1,600,0.7023517
50,1,1,601,0.88571143
50,1,1,602,0.4461909
50,1,1,603,0.17135161
50,1,1,604,0.58531266
50,1,1,605,0.22590029
50,1,1,606,0.2876479
50,1,1,607,0.15506196
50,1,1,608,0.73549616
50,1,1,609,0.67054594
50,1,1,610,0.5051752
50,1,1,611,0.53466743
50,1,1,612,0.5906773
50,1,1,613,0.6250828
50,1,1,614,0.17916739
50,1,1,615,0.5026208
50,1,1,616,0.7707515
50,1,1,617,0.8040177
50,1,1,618,0.7611023
50,1,1,619,0.9907802
50,1,1,620,0.69766295
50,1,1,621,0.52885956
50,1,1,622,0.7433057
50,1,1,623,0.78043073
50,1,1,624,0.4911602
50,1,1,625,0.103548646
50,1,1,626,0.8671302
50,1,1,627,0.48816198
50,1,1,628,0.019314706
50,1,1,629,0.6338732
50,1,1,630,0.5536631
50,1,1,631,0.5875433
50,1,1,632,0.35090327
50,1,1,633,0.8145828
50,1,1,634,0.24986154
50,1,1,635,0.04939139
50,1,1,636,0.7561697
50,1,1,637,0.14638948
50,1,1,638,0.4230594
50,1,1,639,0.887526
50,1,1,640,0.83314425
50,1,1,641,0.7647702
50,1,1,642,0.008072078
50,1,1,643,0.8822611
50,1,1,644,0.29861385
50,1,1,645,0.5634641
50,1,1,646,0.21367043
50,1,1,647,0.02047968
50,1,1,648,0.47600067
50,1,1,649,0.5777813
50,1,1,650,0.34151536
50,1,1,651,10.314749
50,1,1,652,-8.768907
50,1,2,0,109.378876
50,1,2,1,104.15977
50,1,2,2,107.5962
50,1,2,3,102.395874
50,1,2,4,103.13046
50,1,2,5,101.86471
50,1,2,6,109.433586
50,1,2,7,107.99196
50,1,2,8,113.1962
50,1,2,9,103.25885
50,1,2,10,104.10024
50,1,2,11,105.89787
50,1,2,12,107.68441
50,1,2,13,103.97416
50,1,2,14,109.75681
50,1,2,15,108.39721
50,1,2,16,102.18342
50,1,2,17,101.17492
50,1,2,18,100.75465
50,1,2,19,103.32066
50,1,2,20,109.37311
50,1,2,21,111.890114
50,1,2,22,107.87001
50,1,2,23,112.05867
50,1,2,24,106.14835
50,1,2,25,107.35194
50,1,2,26,110.292595
50,1,2,27,107.17608
50,1,2,28,103.29327
50,1,2,29,105.88807
50,1,2,30,106.52063
50,1,2,31,105.49873
50,1,2,32,108.96044
50,1,2,33,109.03324
50,1,2,34,111.56609
50,1,2,35,109.60605
50,1,2,36,112.034805
50,1,2,37,106.99605
50,1,2,38,105.2372
50,1,2,39,102.67226
50,1,2,40,107.45842
50,1,2,41,104.266655
50,1,2,42,103.247025
50,1,2,43,103.30629
50,1,2,44,107.495865
50,1,2,45,103.58889
50,1,2,46,106.79362
50,1,2,47,105.43553
50,1,2,48,107.59603
50,1,2,49,99.43921
50,1,2,50,100.69462
50,1,2,51,109.93313
50,1,2,52,103.92323
50,1,2,53,108.21043
50,1,2,54,107.13464
50,1,2,55,106.97914
50,1,2,56,106.43563
50,1,2,57,108.36341
50,1,2,58,106.232704
50,1,2,59,106.79298
50,1,2,60,106.52524
50,1,2,61,103.12082
50,1,2,62,105.425804
50,1,2,63,99.11924
50,1,2,64,104.57593
50,1,2,65,103.41884
50,1,2,66,107.301674
50,1,2,67,104.26832
50,1,2,68,100.72108
50,1,2,69,107.36021
50,1,2,70,104.52091
50,1,2,71,108.519966
50,1,2,72,104.82303
50,1,2,73,110.79006
50,1,2,74,103.70344
50,1,2,75,107.24819
50,1,2,76,98.85243
50,1,2,77,102.591415
50,1,2,78,105.022575
50,1,2,79,103.949104
50,1,2,80,109.62868
50,1,2,81,113.93405
50,1,2,82,105.64435
50,1,2,83,111.947174
50,1,2,84,106.02252
50,1,2,85,97.335335
50,1,2,86,108.875084
50,1,2,87,103.781624
50,1,2,88,101.029686
50,1,2,89,105.91664
50,1,2,90,112.17615
50,1,2,91,103.701546
50,1,2,92,111.20834
50,1,2,93,108.51602
50,1,2,94,103.824
50,1,2,95,105.73095
50,1,2,96,108.76243
50,1,2,97,107.812775
50,1,2,98,105.14573
50,1,2,99,106.05499
50,1,2,100,111.21198
50,1,2,101,107.95363
50,1,2,102,109.79458
50,1,2,103,109.218094
50,1,2,104,111.729385
50,1,2,105,105.32992
50,1,2,106,96.868866
50,1,2,107,105.221344
50,1,2,108,106.972664
50,1,2,109,103.797066
50,1,2,110,104.797066
50,1,2,111,108.82336
50,1,2,112,106.61264
50,1,2,113,108.7118
50,1,2,114,103.97097
50,1,2,115,108.006676
50,1,2,116,104.052185
50,1,2,117,112.524414
50,1,2,118,108.00868
50,1,2,119,106.887505
50,1,2,120,111.63279
50,1,2,121,100.81586
50,1,2,122,105.68609
50,1,2,123,103.75357
50,1,2,124,103.99115
50,1,2,125,104.14625
50,1,2,126,105.39371
50,1,2,127,102.58157
50,1,2,128,101.157036
50,1,2,129,102.9386
50,1,2,130,111.33864
50,1,2,131,107.17679
50,1,2,132,108.1559
50,1,2,133,111.24039
50,1,2,134,104.27374
50,1,2,135,106.56888
50,1,2,136,100.43615
50,1,2,137,110.539955
50,1,2,138,105.44554
50,1,2,139,112.72319
50,1,2,140,116.18498
50,1,2,141,108.95938
50,1,2,142,109.316826
50,1,2,143,101.2187
50,1,2,144,107.62253
50,1,2,145,102.150505
50,1,2,146,111.83746
50,1,2,147,107.58603
50,1,2,148,105.718254
50,1,2,149,106.78679
50,1,2,150,109.18189
50,1,2,151,108.76208
50,1,2,152,108.4976
50,1,2,153,102.147804
50,1,2,154,109.88775
50,1,2,155,106.43603
50,1,2,156,111.0101
50,1,2,157,108.14154
50,1,2,158,103.404236
50,1,2,159,112.95229
50,1,2,160,104.523796
50,1,2,161,104.56528
50,1,2,162,101.824745
50,1,2,163,110.77806
50,1,2,164,106.46874
50,1,2,165,112.12925
50,1,2,166,106.823166
50,1,2,167,104.60933
50,1,2,168,103.4516
50,1,2,169,105.992134
50,1,2,170,111.38296
50,1,2,171,106.225266
50,1,2,172,109.63858
50,1,2,173,102.92921
50,1,2,174,110.210556
50,1,2,175,107.63649
50,1,2,176,105.27432
50,1,2,177,109.19017
50,1,2,178,110.68435
50,1,2,179,101.86508
50,1,2,180,109.8567
50,1,2,181,108.74738
50,1,2,182,103.27895
50,1,2,183,106.462685
50,1,2,184,103.1984
50,1,2,185,107.68878
50,1,2,186,106.71531
50,1,2,187,109.27785
50,1,2,188,107.86662
50,1,2,189,107.58378
50,1,2,190,106.11815
50,1,2,191,108.24061
50,1,2,192,107.28772
50,1,2,193,106.46941
50,1,2,194,104.73143
50,1,2,195,104.29299
50,1,2,196,104.51525
50,1,2,197,108.839775
50,1,2,198,103.00053
50,1,2,199,114.52453
50,1,2,200,111.12698
50,1,2,201,109.110954
50,1,2,202,107.84446
50,1,2,203,101.175545
50,1,2,204,103.40347
50,1,2,205,105.57798
50,1,2,206,105.48034
50,1,2,207,113.494965
50,1,2,208,107.573425
50,1,2,209,107.750824
50,1,2,210,102.94076
50,1,2,211,110.77165
50,1,2,212,103.92903
50,1,2,213,104.87484
50,1,2,214,109.17898
50,1,2,215,106.88329
50,1,2,216,108.15027
50,1,2,217,105.51909
50,1,2,218,104.38986
50,1,2,219,103.108246
50,1,2,220,107.55628
50,1,2,221,107.46393
50,1,2,222,113.33671
50,1,2,223,100.41763
50,1,2,224,110.1917
50,1,2,225,111.95651
50,1,2,226,110.12312
50,1,2,227,107.361115
50,1,2,228,107.81107
50,1,2,229,107.376274
50,1,2,230,103.0147
50,1,2,231,106.06597
50,1,2,232,111.72938
50,1,2,233,104.558334
50,1,2,234,106.14136
50,1,2,235,111.89576
50,1,2,236,104.79061
50,1,2,237,102.77787
50,1,2,238,103.518036
50,1,2,239,97.78229
50,1,2,240,104.6781
50,1,2,241,111.91695
50,1,2,242,110.3945
50,1,2,243,104.122505
50,1,2,244,106.20571
50,1,2,245,105.80646
50,1,2,246,109.221085
50,1,2,247,106.183945
50,1,2,248,101.65827
50,1,2,249,113.610985
50,1,2,250,103.17891
50,1,2,251,104.26046
50,1,2,252,107.22033
50,1,2,253,108.65264
50,1,2,254,106.33574
50,1,2,255,106.72666
50,1,2,256,104.69786
50,1,2,257,107.8031
50,1,2,258,105.08674
50,1,2,259,104.437096
50,1,2,260,102.60183
50,1,2,261,104.27296
50,1,2,262,100.300156
50,1,2,263,105.197334
50,1,2,264,106.132904
50,1,2,265,110.780495
50,1,2,266,99.76691
50,1,2,267,107.41166
50,1,2,268,108.03114
50,1,2,269,108.697716
50,1,2,270,105.36795
50,1,2,271,111.146805
50,1,2,272,111.17605
50,1,2,273,109.745766
50,1,2,274,107.83093
50,1,2,275,111.75525
50,1,2,276,109.72791
50,1,2,277,108.534195
50,1,2,278,109.62527
50,1,2,279,108.79755
50,1,2,280,114.42092
50,1,2,281,108.34663
50,1,2,282,100.068275
50,1,2,283,106.346886
50,1,2,284,104.633995
50,1,2,285,106.45934
50,1,2,286,111.22777
50,1,2,287,111.04613
50,1,2,288,102.70954
50,1,2,289,105.84413
50,1,2,290,102.757484
50,1,2,291,105.57951
50,1,2,292,110.67292
50,1,2,293,112.73479
50,1,2,294,114.07626
50,1,2,295,115.18237
50,1,2,296,105.96792
50,1,2,297,107.15135
50,1,2,298,110.35657
50,1,2,299,108.556854
50,1,2,300,104.75956
50,1,2,301,106.58834
50,1,2,302,109.19495
50,1,2,303,106.95253
50,1,2,304,107.30783
50,1,2,305,105.108574
50,1,2,306,101.68621
50,1,2,307,102.359825
50,1,2,308,104.21747
50,1,2,309,99.45607
50,1,2,310,108.428085
50,1,2,311,106.87124
50,1,2,312,104.627335
50,1,2,313,104.245895
50,1,2,314,102.56857
50,1,2,315,116.0683
50,1,2,316,110.16599
50,1,2,317,103.89217
50,1,2,318,106.54769
50,1,2,319,104.59473
50,1,2,320,107.22809
50,1,2,321,108.42564
50,1,2,322,109.88005
50,1,2,323,101.749275
50,1,2,324,102.44702
50,1,2,325,106.87051
50,1,2,326,104.98437
50,1,2,327,97.55339
50,1,2,328,107.12654
50,1,2,329,99.439384
50,1,2,330,110.97499
50,1,2,331,108.30828
50,1,2,332,108.999756
50,1,2,333,108.055435
50,1,2,334,102.41181
50,1,2,335,109.72671
50,1,2,336,106.977715
50,1,2,337,101.60463
50,1,2,338,106.90362
50,1,2,339,110.64856
50,1,2,340,100.30567
50,1,2,341,106.10358
50,1,2,342,109.57485
50,1,2,343,105.148964
50,1,2,344,110.15366
50,1,2,345,103.56604
50,1,2,346,102.921585
50,1,2,347,109.54879
50,1,2,348,105.41852
50,1,2,349,109.71825
50,1,2,350,101.89851
50,1,2,351,104.46902
50,1,2,352,111.095665
50,1,2,353,109.91707
50,1,2,354,104.96762
50,1,2,355,105.37838
50,1,2,356,103.31984
50,1,2,357,105.41016
50,1,2,358,110.10268
50,1,2,359,108.90152
50,1,2,360,105.88128
50,1,2,361,107.97894
50,1,2,362,104.22304
50,1,2,363,108.45565
50,1,2,364,113.68223
50,1,2,365,107.84555
50,1,2,366,104.424515
50,1,2,367,106.46436
50,1,2,368,111.837135
50,1,2,369,107.221504
50,1,2,370,108.399475
50,1,2,371,103.93233
50,1,2,372,104.608765
50,1,2,373,105.07235
50,1,2,374,106.34323
50,1,2,375,119.23804
50,1,2,376,106.30195
50,1,2,377,104.61473
50,1,2,378,105.99892
50,1,2,379,104.969246
50,1,2,380,105.08225
50,1,2,381,106.40795
50,1,2,382,103.265854
50,1,2,383,105.64589
50,1,2,384,115.55092
50,1,2,385,102.60635
50,1,2,386,102.70743
50,1,2,387,111.46901
50,1,2,388,99.591545
50,1,2,389,107.64449
50,1,2,390,110.40609
50,1,2,391,108.506676
50,1,2,392,102.605644
50,1,2,393,108.70597
50,1,2,394,102.62891
50,1,2,395,108.517944
50,1,2,396,106.056564
50,1,2,397,105.24314
50,1,2,398,111.93898
50,1,2,399,108.293076
50,1,2,400,112.56072
50,1,2,401,113.0747
50,1,2,402,106.15219
50,1,2,403,108.863335
50,1,2,404,106.22746
50,1,2,405,106.01212
50,1,2,406,102.17887
50,1,2,407,106.67801
50,1,2,408,106.835335
50,1,2,409,111.44259
50,1,2,410,105.52222
50,1,2,411,107.04762
50,1,2,412,109.55894
50,1,2,413,106.30577
50,1,2,414,106.860916
50,1,2,415,103.08594
50,1,2,416,109.62505
50,1,2,417,110.06275
50,1,2,418,104.83974
50,1,2,419,107.25971
50,1,2,420,114.513794
50,1,2,421,106.98075
50,1,2,422,115.540695
50,1,2,423,109.77436
50,1,2,424,109.3469
50,1,2,425,103.230156
50,1,2,426,103.85192
50,1,2,427,108.411934
50,1,2,428,98.49985
50,1,2,429,106.56699
50,1,2,430,108.14983
50,1,2,431,103.37154
50,1,2,432,106.167694
50,1,2,433,109.354126
50,1,2,434,104.625984
50,1,2,435,105.01581
50,1,2,436,109.56292
50,1,2,437,104.79121
50,1,2,438,103.53481
50,1,2,439,101.95275
50,1,2,440,104.33941
50,1,2,441,103.399185
50,1,2,442,104.1969
50,1,2,443,107.633385
50,1,2,444,103.39531
50,1,2,445,113.21833
50,1,2,446,100.97339
50,1,2,447,104.95248
50,1,2,448,111.69728
50,1,2,449,110.26053
50,1,2,450,109.78137
50,1,2,451,106.11562
50,1,2,452,111.89476
50,1,2,453,105.028625
50,1,2,454,103.21787
50,1,2,455,106.5321
50,1,2,456,95.460106
50,1,2,457,109.242035
50,1,2,458,106.88673
50,1,2,459,102.89267
50,1,2,460,104.7125
50,1,2,461,100.66151
50,1,2,462,108.92274
50,1,2,463,111.28579
50,1,2,464,100.44455
50,1,2,465,111.026695
50,1,2,466,105.97159
50,1,2,467,105.267914
50,1,2,468,102.9493
50,1,2,469,106.252655
50,1,2,470,109.73605
50,1,2,471,106.96438
50,1,2,472,104.34555
50,1,2,473,110.87936
50,1,2,474,109.02068
50,1,2,475,107.37225
50,1,2,476,103.630646
50,1,2,477,106.67884
50,1,2,478,100.83627
50,1,2,479,108.46101
50,1,2,480,112.11099
50,1,2,481,105.615974
50,1,2,482,105.64145
50,1,2,483,106.665726
50,1,2,484,107.5583
50,1,2,485,107.42927
50,1,2,486,107.91244
50,1,2,487,111.75831
50,1,2,488,106.387474
50,1,2,489,103.04095
50,1,2,490,106.56662
50,1,2,491,104.65941
50,1,2,492,108.591095
50,1,2,493,107.692314
50,1,2,494,108.19655
50,1,2,495,109.46015
50,1,2,496,105.06278
50,1,2,497,107.566734
50,1,2,498,109.643036
50,1,2,499,113.04968
50,1,2,500,146.8154
50,1,2,501,148.32077
50,1,2,502,133.77808
50,1,2,503,145.72354
50,1,2,504,148.51117
50,1,2,505,144.6265
50,1,2,506,148.46777
50,1,2,507,137.59952
50,1,2,508,140.881
50,1,2,509,141.92339
50,1,2,510,152.0693
50,1,2,511,142.81322
50,1,2,512,146.39293
50,1,2,513,146.30089
50,1,2,514,142.63971
50,1,2,515,141.36102
50,1,2,516,145.09775
50,1,2,517,140.5037
50,1,2,518,139.3286
50,1,2,519,149.11378
50,1,2,520,147.40053
50,1,2,521,147.92184
50,1,2,522,146.55605
50,1,2,523,142.28938
50,1,2,524,142.43706
50,1,2,525,142.5392
50,1,2,526,148.32826
50,1,2,527,146.18369
50,1,2,528,146.66765
50,1,2,529,144.52985
50,1,2,530,144.561
50,1,2,531,145.42552
50,1,2,532,148.86205
50,1,2,533,148.19604
50,1,2,534,145.43578
50,1,2,535,154.19548
50,1,2,536,147.48172
50,1,2,537,150.71944
50,1,2,538,143.04323
50,1,2,539,145.1409
50,1,2,540,136.09364
50,1,2,541,144.16492
50,1,2,542,145.64566
50,1,2,543,146.41118
50,1,2,544,138.1445
50,1,2,545,148.36574
50,1,2,546,140.81819
50,1,2,547,149.02301
50,1,2,548,142.17175
50,1,2,549,141.46933
50,1,2,550,135.85345
50,1,2,551,141.80363
50,1,2,552,148.67377
50,1,2,553,146.16197
50,1,2,554,146.35527
50,1,2,555,146.58194
50,1,2,556,145.38255
50,1,2,557,141.80841
50,1,2,558,148.1923
50,1,2,559,152.51448
50,1,2,560,147.56839
50,1,2,561,146.14624
50,1,2,562,146.0152
50,1,2,563,145.65533
50,1,2,564,143.91345
50,1,2,565,144.92633
50,1,2,566,146.2974
50,1,2,567,154.75587
50,1,2,568,147.98938
50,1,2,569,144.84407
50,1,2,570,143.95004
50,1,2,571,141.21272
50,1,2,572,152.65407
50,1,2,573,138.65599
50,1,2,574,150.27846
50,1,2,575,148.22621
50,1,2,576,145.8632
50,1,2,577,151.07472
50,1,2,578,142.81479
50,1,2,579,141.1119
50,1,2,580,141.55293
50,1,2,581,139.01295
50,1,2,582,142.49118
50,1,2,583,151.77559
50,1,2,584,151.68163
50,1,2,585,148.02258
50,1,2,586,146.19115
50,1,2,587,143.65967
50,1,2,588,147.1306
50,1,2,589,141.63176
50,1,2,590,147.24576
50,1,2,591,141.91727
50,1,2,592,147.72937
50,1,2,593,144.72728
50,1,2,594,148.0994
50,1,2,595,149.79468
50,1,2,596,152.27031
50,1,2,597,145.90024
50,1,2,598,146.02536
50,1,2,599,147.39035
50,1,2,600,33.19506
50,1,2,601,26.037163
50,1,2,602,29.0525
50,1,2,603,34.610577
50,1,2,604,30.38986
50,1,2,605,29.814955
50,1,2,606,30.791677
50,1,2,607,28.620783
50,1,2,608,27.159533
50,1,2,609,31.682398
50,1,2,610,33.064014
50,1,2,611,28.747906
50,1,2,612,27.379494
50,1,2,613,28.41495
50,1,2,614,27.600992
50,1,2,615,29.40994
50,1,2,616,31.671196
50,1,2,617,28.446651
50,1,2,618,31.2019
50,1,2,619,28.996
50,1,2,620,30.865246
50,1,2,621,27.791586
50,1,2,622,31.867653
50,1,2,623,32.438282
50,1,2,624,30.558289
50,1,2,625,26.864288
50,1,2,626,31.11798
50,1,2,627,29.021204
50,1,2,628,31.424232
50,1,2,629,32.067333
50,1,2,630,30.84872
50,1,2,631,31.642015
50,1,2,632,33.575054
50,1,2,633,30.564844
50,1,2,634,30.3464
50,1,2,635,30.840647
50,1,2,636,28.622044
50,1,2,637,30.196434
50,1,2,638,31.186386
50,1,2,639,29.423182
50,1,2,640,30.525562
50,1,2,641,29.131174
50,1,2,642,33.48099
50,1,2,643,30.824799
50,1,2,644,26.89205
50,1,2,645,29.32812
50,1,2,646,28.979116
50,1,2,647,29.940525
50,1,2,648,30.684038
50,1,2,649,30.358843
50,1,2,650,10.865374
50,1,2,651,4.2525997
50,1,2,652,13.077051
50,1,3,0,7590.1626
50,1,3,1,7172.607
50,1,3,2,7320.967
50,1,3,3,6845.6587
50,1,3,4,6786.861
50,1,3,5,6674.3677
50,1,3,6,7605.1895
50,1,3,7,7392.5728
50,1,3,8,8213.808
50,1,3,9,7098.003
50,1,3,10,7592.072
50,1,3,11,7414.998
50,1,3,12,7415.787
50,1,3,13,7089.1406
50,1,3,14,7743.2837
50,1,3,15,7604.559
50,1,3,16,6567.346
50,1,3,17,6610.457
50,1,3,18,6615.14
50,1,3,19,6922.203
50,1,3,20,7898.8833
50,1,3,21,8192.056
50,1,3,22,7624.2803
50,1,3,23,7899.397
50,1,3,24,7486.3135
50,1,3,25,7606.226
50,1,3,26,7900.959
50,1,3,27,7140.8213
50,1,3,28,6879.7334
50,1,3,29,6994.7305
50,1,3,30,6984.8457
50,1,3,31,7081.44
50,1,3,32,7746.125
50,1,3,33,7468.6562
50,1,3,34,8170.892
50,1,3,35,7905.0747
50,1,3,36,8256.116
50,1,3,37,7379.701
50,1,3,38,7082.0073
50,1,3,39,6737.19
50,1,3,40,8198.227
50,1,3,41,7306.4897
50,1,3,42,7039.1807
50,1,3,43,6839.6504
50,1,3,44,7413.4136
50,1,3,45,7094.887
50,1,3,46,7585.1714
50,1,3,47,7591.2935
50,1,3,48,7697.691
50,1,3,49,6472.4556
50,1,3,50,6537.462
50,1,3,51,8231.01
50,1,3,52,6590.494
50,1,3,53,7742.158
50,1,3,54,7597.384
50,1,3,55,7215.2544
50,1,3,56,7500.385
50,1,3,57,7486.465
50,1,3,58,7305.4575
50,1,3,59,7189.5376
50,1,3,60,7274.389
50,1,3,61,7224.9873
50,1,3,62,6865.654
50,1,3,63,6276.362
50,1,3,64,7098.842
50,1,3,65,6560.151
50,1,3,66,7641.1616
50,1,3,67,7269.7925
50,1,3,68,6756.495
50,1,3,69,7454.056
50,1,3,70,6832.0635
50,1,3,71,7741.6377
50,1,3,72,7119.677
50,1,3,73,8193.167
50,1,3,74,7166.3843
50,1,3,75,7251.5176
50,1,3,76,6519.0386
50,1,3,77,6792.3003
50,1,3,78,7158.0356
50,1,3,79,7051.88
50,1,3,80,7794.639
50,1,3,81,8316.533
50,1,3,82,7158.818
50,1,3,83,8267.582
50,1,3,84,7197.7915
50,1,3,85,5984.3467
50,1,3,86,7690.706
50,1,3,87,6844.19
50,1,3,88,6577.3325
50,1,3,89,7101.0806
50,1,3,90,8024.722
50,1,3,91,7093.0166
50,1,3,92,7765.987
50,1,3,93,7576.058
50,1,3,94,7282.7427
50,1,3,95,7366.8696
50,1,3,96,7516.23
50,1,3,97,7499.2983
50,1,3,98,7242.549
50,1,3,99,7293.154
50,1,3,100,7719.781
50,1,3,101,7850.666
50,1,3,102,7660.184
50,1,3,103,7382.737
50,1,3,104,7960.1772
50,1,3,105,7052.184
50,1,3,106,5972.089
50,1,3,107,7243.9863
50,1,3,108,7589.016
50,1,3,109,7067.504
50,1,3,110,7085.5327
50,1,3,111,7928.422
50,1,3,112,7481.5283
50,1,3,113,7683.36
50,1,3,114,7047.7246
50,1,3,115,7535.468
50,1,3,116,6961.124
50,1,3,117,8142.9473
50,1,3,118,7646.581
50,1,3,119,7588.934
50,1,3,120,7927.386
50,1,3,121,6588.9224
50,1,3,122,7126.736
50,1,3,123,6991.311
50,1,3,124,6836.7075
50,1,3,125,7326.0923
50,1,3,126,7195.5273
50,1,3,127,6625.8325
50,1,3,128,6827.2705
50,1,3,129,6834.195
50,1,3,130,8016.8467
50,1,3,131,7819.28
50,1,3,132,7952.648
50,1,3,133,7584.161
50,1,3,134,7252.7456
50,1,3,135,7255.3486
50,1,3,136,6589.8213
50,1,3,137,8268.165
50,1,3,138,7581.0835
50,1,3,139,8557.878
50,1,3,140,8543.691
50,1,3,141,7600.465
50,1,3,142,7635.9595
50,1,3,143,7160.273
50,1,3,144,7636.0986
50,1,3,145,7031.623
50,1,3,146,7975.6924
50,1,3,147,7373.029
50,1,3,148,7269.694
50,1,3,149,7204.954
50,1,3,150,7997.113
50,1,3,151,7363.094
50,1,3,152,7824.9897
50,1,3,153,6913.796
50,1,3,154,8085.521
50,1,3,155,6924.073
50,1,3,156,7921.041
50,1,3,157,7746.5215
50,1,3,158,6804.0493
50,1,3,159,8129.802
50,1,3,160,7109.724
50,1,3,161,7312.5796
50,1,3,162,6934.1035
50,1,3,163,8019.865
50,1,3,164,7100.243
50,1,3,165,7853.605
50,1,3,166,7736.8677
50,1,3,167,7045.7935
50,1,3,168,6961.376
50,1,3,169,7204.864
50,1,3,170,8303.568
50,1,3,171,7395.065
50,1,3,172,7709.5005
50,1,3,173,6742.2114
50,1,3,174,7610.4077
50,1,3,175,7804.0796
50,1,3,176,6966.658
50,1,3,177,7846.2427
50,1,3,178,8071.7256
50,1,3,179,6869.6826
50,1,3,180,7618.1323
50,1,3,181,7486.6685
50,1,3,182,6840.7915
50,1,3,183,7152.736
50,1,3,184,7299.271
50,1,3,185,7445.2676
50,1,3,186,7524.643
50,1,3,187,7692.9795
50,1,3,188,7434.575
50,1,3,189,7279.2563
50,1,3,190,7392.113
50,1,3,191,7413.945
50,1,3,192,7526.515
50,1,3,193,7674.042
50,1,3,194,7270.1187
50,1,3,195,6999.973
50,1,3,196,7155.224
50,1,3,197,7423.2607
50,1,3,198,6952.714
50,1,3,199,8177.146
50,1,3,200,8079.9976
50,1,3,201,8041.4272
50,1,3,202,7407.432
50,1,3,203,6677.6274
50,1,3,204,7242.937
50,1,3,205,7145.805
50,1,3,206,7367.0815
50,1,3,207,8744.596
50,1,3,208,7210.7236
50,1,3,209,7509.8345
50,1,3,210,6923.277
50,1,3,211,7873.1504
50,1,3,212,6801.9614
50,1,3,213,7162.1245
50,1,3,214,7500.101
50,1,3,215,7758.003
50,1,3,216,7855.417
50,1,3,217,7200.2925
50,1,3,218,6767.969
50,1,3,219,7132.6743
50,1,3,220,7683.4673
50,1,3,221,7859.234
50,1,3,222,8151.046
50,1,3,223,6473.6216
50,1,3,224,8107.8276
50,1,3,225,8092.1885
50,1,3,226,8044.5674
50,1,3,227,7583.1206
50,1,3,228,7594.4634
50,1,3,229,7831.8394
50,1,3,230,7027.852
50,1,3,231,6937.2695
50,1,3,232,8079.5522
50,1,3,233,7347.094
50,1,3,234,7198.2207
50,1,3,235,7975.8306
50,1,3,236,6917.0073
50,1,3,237,6966.096
50,1,3,238,6771.585
50,1,3,239,6291.4507
50,1,3,240,7271.7544
50,1,3,241,8014.3965
50,1,3,242,8227.117
50,1,3,243,7014.3887
50,1,3,244,7292.909
50,1,3,245,7518.4434
50,1,3,246,7707.723
50,1,3,247,7345.572
50,1,3,248,6695.3086
50,1,3,249,7920.048
50,1,3,250,6818.293
50,1,3,251,6956.8496
50,1,3,252,7603.056
50,1,3,253,7982.105
50,1,3,254,7105.9053
50,1,3,255,7620.94
50,1,3,256,7240.7295
50,1,3,257,7723.217
50,1,3,258,7154.3564
50,1,3,259,6985.469
50,1,3,260,6779.988
50,1,3,261,7088.8467
50,1,3,262,6577.5586
50,1,3,263,6820.3906
50,1,3,264,7648.0854
50,1,3,265,8292.73
50,1,3,266,6530.074
50,1,3,267,7383.222
50,1,3,268,7405.669
50,1,3,269,7711.638
50,1,3,270,7621.2407
50,1,3,271,8095.0938
50,1,3,272,7739.3125
50,1,3,273,7550.1294
50,1,3,274,7639.3794
50,1,3,275,8230.793
50,1,3,276,7846.5503
50,1,3,277,7656.6157
50,1,3,278,8014.6523
50,1,3,279,7605.7334
50,1,3,280,8267.239
50,1,3,281,7782.468
50,1,3,282,6490.188
50,1,3,283,7578.588
50,1,3,284,6892.624
50,1,3,285,7279.963
50,1,3,286,8103.611
50,1,3,287,7920.666
50,1,3,288,6823.663
50,1,3,289,7345.1963
50,1,3,290,7229.0273
50,1,3,291,7178.172
50,1,3,292,8080.444
50,1,3,293,8083.413
50,1,3,294,8172.21
50,1,3,295,8210.928
50,1,3,296,7103.136
50,1,3,297,7191.5
50,1,3,298,7604.542
50,1,3,299,7887.6465
50,1,3,300,7072.01
50,1,3,301,7183.4727
50,1,3,302,7510.027
50,1,3,303,7617.4463
50,1,3,304,7636.8765
50,1,3,305,7043.0366
50,1,3,306,6849.795
50,1,3,307,6884.787
50,1,3,308,7386.065
50,1,3,309,6501.731
50,1,3,310,7537.998
50,1,3,311,7741.244
50,1,3,312,6992.1685
50,1,3,313,7232.3853
50,1,3,314,6663.895
50,1,3,315,8938.111
50,1,3,316,7635.5195
50,1,3,317,6872.8223
50,1,3,318,7304.104
50,1,3,319,7021.308
50,1,3,320,7323.5425
50,1,3,321,7894.082
50,1,3,322,7796.3613
50,1,3,323,7042.4653
50,1,3,324,6714.062
50,1,3,325,7823.111
50,1,3,326,7173.998
50,1,3,327,6028.1284
50,1,3,328,7665.447
50,1,3,329,6637.1816
50,1,3,330,7806.76
50,1,3,331,7885.763
50,1,3,332,7291.6113
50,1,3,333,7742.3237
50,1,3,334,6721.777
50,1,3,335,7671.886
50,1,3,336,7726.6333
50,1,3,337,6522.24
50,1,3,338,7468.958
50,1,3,339,7893.1035
50,1,3,340,6700.0806
50,1,3,341,7010.6113
50,1,3,342,7850.675
50,1,3,343,7459.5786
50,1,3,344,7791.251
50,1,3,345,6929.804
50,1,3,346,6807.51
50,1,3,347,7336.983
50,1,3,348,7525.944
50,1,3,349,7712.453
50,1,3,350,6468.9336
50,1,3,351,7023.6333
50,1,3,352,7888.398
50,1,3,353,7993.936
50,1,3,354,7238.832
50,1,3,355,7219.529
50,1,3,356,6977.7793
50,1,3,357,7330.515
50,1,3,358,7570.298
50,1,3,359,7373.563
50,1,3,360,7442.779
50,1,3,361,7368.206
50,1,3,362,7034.6333
50,1,3,363,7661.702
50,1,3,364,7866.671
50,1,3,365,7239.3213
50,1,3,366,7113.5938
50,1,3,367,7389.079
50,1,3,368,7822.145
50,1,3,369,7384.6924
50,1,3,370,7646.012
50,1,3,371,7224.3174
50,1,3,372,6961.357
50,1,3,373,7052.442
50,1,3,374,7066.831
50,1,3,375,9216.524
50,1,3,376,7372.122
50,1,3,377,7155.4375
50,1,3,378,7487.719
50,1,3,379,6890.031
50,1,3,380,7440.8027
50,1,3,381,7243.53
50,1,3,382,6713.584
50,1,3,383,7294.457
50,1,3,384,8617.524
50,1,3,385,6725.7476
50,1,3,386,7107.763
50,1,3,387,7849.4053
50,1,3,388,6599.8403
50,1,3,389,7509.3115
50,1,3,390,7609.3354
50,1,3,391,7833.921
50,1,3,392,6964.8936
50,1,3,393,7821.3794
50,1,3,394,6916.2676
50,1,3,395,7364.3735
50,1,3,396,7477.723
50,1,3,397,6856.791
50,1,3,398,8207.29
50,1,3,399,7222.537
50,1,3,400,8142.849
50,1,3,401,8307.682
50,1,3,402,7283.859
50,1,3,403,8145.2173
50,1,3,404,7308.2573
50,1,3,405,7220.263
50,1,3,406,7005.368
50,1,3,407,7288.4634
50,1,3,408,7530.6724
50,1,3,409,7718.322
50,1,3,410,7412.5
50,1,3,411,7320.3213
50,1,3,412,7578.582
50,1,3,413,6999.44
50,1,3,414,7276.201
50,1,3,415,6726.578
50,1,3,416,7437.433
50,1,3,417,7875.3125
50,1,3,418,7321.9404
50,1,3,419,7327.137
50,1,3,420,8274.693
50,1,3,421,7238.182
50,1,3,422,8421.386
50,1,3,423,7541.2666
50,1,3,424,7816.32
50,1,3,425,7212.4233
50,1,3,426,6701.6562
50,1,3,427,7614.911
50,1,3,428,6457.4224
50,1,3,429,7627.4717
50,1,3,430,7539.1646
50,1,3,431,6738.769
50,1,3,432,6799.934
50,1,3,433,7861.834
50,1,3,434,6690.8564
50,1,3,435,7210.8574
50,1,3,436,7806.9307
50,1,3,437,7142.4937
50,1,3,438,7118.5996
50,1,3,439,6775.9165
50,1,3,440,7107.1064
50,1,3,441,7007.3657
50,1,3,442,6830.5884
50,1,3,443,7664.342
50,1,3,444,7011.055
50,1,3,445,8009.2046
50,1,3,446,6833.297
50,1,3,447,6902.6665
50,1,3,448,7724.7593
50,1,3,449,7704.9497
50,1,3,450,7560.0117
50,1,3,451,7333.074
50,1,3,452,7536.253
50,1,3,453,7218.166
50,1,3,454,6851.119
50,1,3,455,7674.3394
50,1,3,456,5902.077
50,1,3,457,7650.546
50,1,3,458,7483.7183
50,1,3,459,6891.2983
50,1,3,460,7210.27
50,1,3,461,6253.7773
50,1,3,462,7413.9126
50,1,3,463,7812.659
50,1,3,464,6548.715
50,1,3,465,7830.094
50,1,3,466,7194.776
50,1,3,467,7255.0728
50,1,3,468,7142.4414
50,1,3,469,7326.2935
50,1,3,470,7686.7812
50,1,3,471,7951.2773
50,1,3,472,7263.1304
50,1,3,473,8067.3965
50,1,3,474,7745.4116
50,1,3,475,7394.142
50,1,3,476,6923.1333
50,1,3,477,7164.428
50,1,3,478,6739.909
50,1,3,479,7686.6177
50,1,3,480,8300.3545
50,1,3,481,7469.9463
50,1,3,482,7229.4604
50,1,3,483,7404.4517
50,1,3,484,7683.854
50,1,3,485,7371.149
50,1,3,486,7739.183
50,1,3,487,7740.378
50,1,3,488,7466.42
50,1,3,489,6508.7485
50,1,3,490,7320.0166
50,1,3,491,6989.7363
50,1,3,492,7776.0464
50,1,3,493,7387.342
50,1,3,494,7944.8574
50,1,3,495,7717.0186
50,1,3,496,7350.001
50,1,3,497,7546.9443
50,1,3,498,7655.8545
50,1,3,499,7748.357
50,1,3,500,13057.56
50,1,3,501,13461.649
50,1,3,502,10942.195
50,1,3,503,13091.473
50,1,3,504,13530.549
50,1,3,505,12974.272
50,1,3,506,13451.174
50,1,3,507,11870.3955
50,1,3,508,12480.537
50,1,3,509,12583.667
50,1,3,510,14113.282
50,1,3,511,12479.352
50,1,3,512,12756.775
50,1,3,513,12981.387
50,1,3,514,12197.862
50,1,3,515,12138.34
50,1,3,516,12929.839
50,1,3,517,11926.914
50,1,3,518,12431.685
50,1,3,519,13251.406
50,1,3,520,13179.791
50,1,3,521,13260.721
50,1,3,522,13341.425
50,1,3,523,11921.271
50,1,3,524,12120.919
50,1,3,525,12605.146
50,1,3,526,12853.794
50,1,3,527,13387.463
50,1,3,528,13547.054
50,1,3,529,12901.476
50,1,3,530,12659.585
50,1,3,531,12830.408
50,1,3,532,14033.536
50,1,3,533,12975.438
50,1,3,534,12377.416
50,1,3,535,13981.127
50,1,3,536,13403.545
50,1,3,537,13784.659
50,1,3,538,12210.593
50,1,3,539,13136.451
50,1,3,540,11671.402
50,1,3,541,12609.128
50,1,3,542,13179.759
50,1,3,543,13340.256
50,1,3,544,12059.825
50,1,3,545,13339.278
50,1,3,546,12210.508
50,1,3,547,13113.733
50,1,3,548,11343.008
50,1,3,549,11964.725
50,1,3,550,11356.068
50,1,3,551,12546.3545
50,1,3,552,13586.55
50,1,3,553,12680.183
50,1,3,554,13187.253
50,1,3,555,14034.658
50,1,3,556,12903.243
50,1,3,557,12813.837
50,1,3,558,13142.122
50,1,3,559,14111.456
50,1,3,560,12831.362
50,1,3,561,13155.568
50,1,3,562,12963.157
50,1,3,563,13136.465
50,1,3,564,12455.47
50,1,3,565,12554.492
50,1,3,566,13104.039
50,1,3,567,14416.12
50,1,3,568,12696.667
50,1,3,569,12101.993
50,1,3,570,11940.423
50,1,3,571,11942.929
50,1,3,572,13818.838
50,1,3,573,11740.1455
50,1,3,574,14091.508
50,1,3,575,13426.201
50,1,3,576,13392.487
50,1,3,577,14303.732
50,1,3,578,12538.177
50,1,3,579,11676.08
50,1,3,580,12187.704
50,1,3,581,11757.269
50,1,3,582,12063.409
50,1,3,583,13569.815
50,1,3,584,14215.993
50,1,3,585,13373.627
50,1,3,586,12981.051
50,1,3,587,12012.148
50,1,3,588,13260.032
50,1,3,589,12245.557
50,1,3,590,13195.003
50,1,3,591,12846.882
50,1,3,592,13486.951
50,1,3,593,13578.575
50,1,3,594,13465.944
50,1,3,595,13226.8545
50,1,3,596,13007.04
50,1,3,597,12524.413
50,1,3,598,12854.614
50,1,3,599,13686.274
50,1,3,600,560.22815
50,1,3,601,312.72836
50,1,3,602,427.01862
50,1,3,603,602.08234
50,1,3,604,446.74808
50,1,3,605,482.08582
50,1,3,606,532.2815
50,1,3,607,430.6878
50,1,3,608,401.64673
50,1,3,609,535.7777
50,1,3,610,542.1166
50,1,3,611,408.60245
50,1,3,612,387.54544
50,1,3,613,438.75293
50,1,3,614,357.6525
50,1,3,615,439.1288
50,1,3,616,570.16473
50,1,3,617,421.38092
50,1,3,618,467.42706
50,1,3,619,395.7828
50,1,3,620,507.56705
50,1,3,621,322.53534
50,1,3,622,575.8019
50,1,3,623,531.44574
50,1,3,624,441.2524
50,1,3,625,332.96692
50,1,3,626,538.85516
50,1,3,627,384.28412
50,1,3,628,493.8908
50,1,3,629,498.71423
50,1,3,630,443.99414
50,1,3,631,469.37137
50,1,3,632,572.9245
50,1,3,633,455.23895
50,1,3,634,444.38928
50,1,3,635,418.53647
50,1,3,636,467.22943
50,1,3,637,414.1806
50,1,3,638,441.0979
50,1,3,639,418.1977
50,1,3,640,504.2383
50,1,3,641,481.3839
50,1,3,642,539.3068
50,1,3,643,511.87796
50,1,3,644,352.68076
50,1,3,645,453.62445
50,1,3,646,448.1127
50,1,3,647,448.90833
50,1,3,648,381.82278
50,1,3,649,433.5474
50,1,3,650,1.2179082E-11
50,1,3,651,2.1092334E-12
50,1,3,652,1.6274907E-11
